precision: 0.8649266666666666
recall: 0.8649266666666666	fscore: 0.8649266666666667