precision: 0.9323333333333333
recall: 0.9323333333333333	fscore: 0.9323333333333333